1	253256
2	145194
3	город Уфа (5523261, 5523570, 3856973); 398520; 398519; 398544; 398522; Уфимский район (5543753, 5524736, 5542080, 5543416, 5550540, 5550626, 4259040, 5543695); 398516; 398521 
4	город Уфа (5523346, 5523682); 398501; 398506; 398504; 336201; 398512; 337765; 398508; 398507; 398509; 336331; 398503; 337745; 398511; 398510; 398500; Уфимский район (5524014, 5525546, 5525673, 5543525, 5543645, 5543579, 5525694, 5550669, 5525786) 
5	город Уфа (5523739, 5493970); 1850007; 398523; 398524; 398514; Уфимский район (3397569, 3397570); 398525 
6	1320826; 2068952; 1850009; 398517; 336200; 364048; 398549; 361784; 398546; 398518; 357263 
7	1307226; 1476944; 1850010; 398526; 398527; 398534; 398529; 398530; 398531; 398532; 398535; 398536; 398533; 398528 
8	1791629; 398542; 398547; 398543; 398539; 398548; 398545; 398538; 398541; 398537 
9	145729
10	город Махачкала (5921132, 5921134); 1858770; 1858771; 1858775; 1858716; 1858729; 1858730; 1858732; 1858751; 1858756; 1858759 
11	город Махачкала (5921133); 1858767; 1858768; 1858769; 1858773; 1858723; 1858726; 1858727; 1858728; 1858749; 1858753; 1858754; 1858755; 1858760 
12	1858766; 1858774; 1858712; 1858713; 1858714; 1858715; 1858717; 1858718; 1858719; 1858720; 1858721; 1858722; 1858724; 1858725; 1858731; 1858733; 1858734; 1858735; 1858750; 1858752; 1858757; 1858758; 1858761; 1858762; 1858763; Бежтинский участок Цунтинского района; 1858764; 1858765 
13	253252
14	109879
15	108083
16	109878
17	393980
18	115136
19	городской округ Симферополь (5551777); 3826844; 3826864; 3826882; 3826900; 1574582; 1754552; Симферопольский район (4653079, 4653082, 4653087, 4653089, 4653090, 4653097) 
20	городской округ Симферополь (5551776); 3826851; 1754556; 1754554; 1754557; 1754558; Симферопольский район (4653078, 4653080, 4653083, 4653084, 4653086, 4653088, 4653094, 4653096, 4653098); 1754562 
21	городской округ Симферополь (5551775); 3826845; 3826847; 3826848; 3826854; 3826856; 1754553; 1754555; 1754559; 1754560; 1754561; Симферопольский район (4653081, 5923914, 4653085, 4653092, 4653093, 4653095, 5923915); 1590251 
22	115114
23	72196
24	151234
25	110032
26	городской округ город Казань (2133462, 2133466); 367107; 367101; 367106; 367669; 367103; 367119; 367108 
27	городской округ город Казань (2133463, 2133464); 367123; 367110; 367111; 367122; 367670; 367667; 367118; 367671; 367124; 367120; 367121 
28	367114; 367113; 367116; 366378; 366380; 367104; 367115; 367117; 367105; 367112 
29	367728; 365769; 366372; 365768; 366371; 365770 
30	366374; 366381; 366376; 366377; 367102; 366373; 366379; 366375 
31	городской округ город Казань (2133461, 2133465, 2133467); 367668; 367109 
32	145195
33	город Ижевск (971647, 971629); 1027529; 1186575; 956136; 956114; 956137; 956124; Завьяловский район (1017013, 1017004, 1017009, 1017000, 1016999, 1017014, 1017011, 1017001, 1017007); 956127; 956135; 956130; 956111; 956118; 956132; 956115; 956133 
34	город Ижевск (971635, 971646, 971633); 1078857; 1105125; 956093; 956106; 956094; Завьяловский район (1017008, 1017072, 1017003, 1017006, 1017010, 1017005, 1017002, 1017015, 1016998, 1017012); 954181; 954159; 956100; 956043; 956084; 956104; 956078; 956109; 956108 
35	190911
36	109877
37	город Чебоксары (3889739); 1761240; 1761241; 1761220; 1761224; 1761225; 1761226; 1761227; 1761229; 1761232; 1761233; Чебоксарский район (4113752, 4122817, 5523099, 3933765, Синьяльское сельское поселение, за исключением заволжской части, 4108758, 5523078); 1761235; 1761238; 1761239 
38	город Чебоксары (3889738, 4016353); 1761222; 1761243; 1761218; 1761219; 1761221; 1761223; 1761228; 1761230; 1761231; Чебоксарский район (4099591, 4099459, 3910455, 4001984, 4099503, 3928268, 3922301, 4081334, Заволжская часть Синьяльского сельского поселения, 3907616, 3863802); 1761236; 1761237 
39	городской округ – город Барнаул (4028307, 3224888); 1440768; 1150948; 1150934; 1150950; 1083293; 1150922; 1150926; 1100148; 1083297; 1083301; 1150953; 1150952; 1150928; 1150949; 1150924; 1150925; 1083296; 1100149; 1100151; 1100150 
40	городской округ – город Барнаул (4030715); 1440722; 1442482; 1100147; 1083303; 1083294; 1100037; 1100036; 1150923; 1100153; 1150929; 1100039; 1083292; 1082028; 1100152 
41	городской округ – город Барнаул (4024771); 1437128; 1440771; 1440947; 1440922; 1150933; 1150927; 1150932; 1150930; 1150917; 1150920; 1314056; 1150919; 1150931; 1150918 
42	городской округ – город Барнаул (4475886); 1440918; 1440919; 1083295; 1083300; 1082030; 1150951; 1100041; 1082039; 1100038; 1082037; 1082035; 1083299; 1083291; 1083298; 1083302; 1082033; 1150916; 1100040; 1083290; 1150921 
43	городской округ «Город Чита» (5551585, 5551586); 1758042; 1754924; 1846001; 1846003; 1846004; 1744209; 1846006; 1758043; 1846007; 1846008; 1846009; 1846011; 1846010; 1761299; муниципальный район «Читинский район» (5562436, 5562540, 5827901, 5829613, 5828861, 5828732, 5828620); 1758044; 1754926 
44	2322036; 2322763; 1854120; городской округ «Город Чита» (5551584, 5551587); 919865; 1741188; 2204623; 919867; 1846002; 1846005; 194924; 1742666; 919866; 1754925; 1742679; 194940; 1754047; 1754048; муниципальный район «Читинский район» (5551345, 5833041, 5833042, 5562607, 5831093, 5831087, 5563784, 5563885, 5830121, 5830278, 5831149, 5830165, 5830689, 5831182, 5828045, 5831169) 
45	151233
46	916833; 916830; 916832; Динской район (5680383, 5680384, 5680385, 5680386, 5680389, 5680390, 5680391) 
47	916831; Динской район (5680387, 5680388, 5680392); 365308; 364123; 365309 
48	364543; 364156; 364169; 364165; 364171 
49	364548; 365144; 364545; 364150; 365231 
50	365233; 365168; 365147 
51	918989; 919005; 918986; 918999; 918994; 919000; 919004; 919011 
52	371614; 918974; 918967; 371579; 365297; 371621; 371580; 371607 
53	365311; 365299; 371561; 371556; 371552; 371571; 918995; 365306; 365303; 365302 
54	город Красноярск (5854089, 5854090, 5854092); 3511818; 1547051; 1157476; 3398301; 3398302; 1159138; 1157414; 1157671; 1157782; 1157565; 1159135; 1157597 
55	город Красноярск (5854093, 5854094); 1153175; 1165290; 1153070; 1149989; 3398298; 3398707; 3398299; 3398300; 3369620; 3369621; 1213865; 3369619; 3369624; 3369625; 3369632; 3369626; 3369627; 3369628; 3369629; 3369630; 3369631; 1150328 
56	город Красноярск (5854088, 5854091); 1153097; 1241549; 2886645; 1165299; 1209483; 1147949; 3369622; 3369623; 1153029; 1152594; 1153023; 1152538; 1152577; 1152899; 1143780; 1152534; 1147807; 1147813; 1152935 
57	3429521; 1164633; 1153131; 1454742; 1159212; 1162482; 1149758; 1162689; 1161672; 1161797; 1161670; 191279; 1157550; 1161676; 1162682; 1162501; 1157555; 1161786; 1164603; 1157397; 1165292; 1162502; 1164624; 1162476; 1164668 
58	1268696; 1268698; 1268697; 1426528; 1083816; 1075769; 1082595; 1082455; 1083811; 1075704; 1075389; 1440431; 1385872; 1438997; 1440430; 1440214; 1385867; 1418132; 1426544; 1075952; 1082606 
59	1268693; 1268692; 1074709; 1074632; 956946; 1075337; 1074637; 1074710; 1075052; 1074714; 1385788; 1074642 
60	1268694; 1268699; 1431685; 1075702; 1075577; 1076382; 1076169; 1418236; 1418203; 1426497; 1418222; 1418138; 1426470; 1385804; 1418204; 1076140; 1076205; 1076251 
61	1082664; 1386287; 1099711; 1071165; 1020445; 1029153; 1070030; 1021468; 1021498; 917397; 1084695; 1028997; 1075499; 1071133; 946245; 1082665; 917396; 1021525; 1029049 
62	1933824; 1933826; 1933812; 1646004; 1645984; 1644100; 1644127; 1644129; 1645985 
63	1933862; 2517328; 1647077; 1814986; 1723640; 1820446; 1644091; 1644131; 1644096; 1644088; 1646005 
64	1645097; 1647407; 1647169; 1644955; 1836793; 1647413; 1643987; 1645042; 1645854; 1644137; 1645855; 1645869; 1645870; 1645917; 1645919; 1645940; 1645836; 1645107 
65	город Ставрополь (5856841, 5856842); 1030121; 1030063; 1030020; 1029981; 1029150; 1030124; 1030030; 1030006; Шпаковский муниципальный район (5856334, 5856258, 5326766, 5856336, 5856337) 
66	город Ставрополь (5856843); 1030099; 1030115; 1030016; 1030066; 1030004; Шпаковский муниципальный район (5856038, 5856335, 5856339, 5856338, 5856340, 5856341, 5856259) 
67	1030984; 1030985; 1030989; 1030986; 1030142; 1030988; 1030156 
68	1051977; 1029994; 1030040; 1030136; 1030145; 1029107; 1029091; 1030065; 1030137; 1030149; 1029147; 1030039 
69	1785055; 1785056; 1785058; 1651737; 1651725; 1651738; 1651726; 1651739; 1651727; 1651609; 1651728; 1651689; 3943196; 3946883; 3943801; 3948445; 3336140; 3943054; 3947307; 3945557; 3943145; 3242451 
70	1785054; 1785057; 1788811; 1651684; 1650458; 1651685; 1650419; 1651686; 1651687; 1651688; 3940844; 3351846; 3353162; 3942726; 3948565; 3950310; 3943349; 3791218; 3955565; 3955593; 3967044; 3981759; 3353084; 3943721; 3981760; 3359757; 3957920; 3957812 
71	147166
72	город Архангельск (5843673, 5843675, 5843671, 5843674); 1330775; 1330727; 1330710; 1330716; 1330724; 1330728; 1330711; Приморский муниципальный район (5832957, 1473667, 2094319, 1475250, 1330713) 
73	город Архангельск (5843669, 5843676, 5843670, 5843668, 5843672); 1429356; 1330776; 2075014; 1329568; 1330721; 1330709; 1160034; 1330712; 1151629; 1330720; 1319356; 1330714; 1330723; 1330722; Приморский муниципальный район (2094316, 2094318, 2094321, 2090040, 2090035); 1330717; 1330726; 1330719 
74	112819
75	1852568; 1645362; 1645363; 1645377; 1645355; 1645364; 1645373; 1645358; 1645365; 1645370 
76	1645376; 1645375; 1645359; 1645366; 1645356; 1645372; 1645371; 1645368; 1645354; 1645374; 1645369; 1645357 
77	городской округ Брянск (5518648, 5518657); 2790349; 1852579; 1242292; 2591528; 2591531; 2591595; 2603384; 2591726; 1241823; 1242352; 1241895; 1242354; 1242293; 1241896; 1242353; 1241894; 1241821; 1242291; 1242350; 1242294; 1241910 
78	городской округ Брянск (5518628, 5518666); 2600426; 2599844; 2591527; 2591529; 2591530; 2591532; 2591562; 2591592; 2615001; 2591594; 2591625; 2591727; 1242315; 1241852; 1241594; 1241822; 1241819; 1241849; 1242351; 1242316; 1241851; 1241850; 1242314; 1241820; 1254050 
79	3856723; 389678; 389676; 389675; 389669; 389668; 389665; 389671; 389670; 389666; 389667; 389674 
80	3856688; 3856731; 389679; 389661; 389662; 389673; 389663; 389664; 373649; 389660; 389672 
81	4039466; 4039473; 1108341; 1753880; 1753882; 1753883; 1753887; 1106196; 1107379; 1084791; 1085908; 1086558; 1106197; 1107382; 1085907 
82	4039469; 4039778; 4039468; 1106825; 1103655; 1101524; 1103656; 1101525; 1099980; 1103654; 1103657; 1101549 
83	4039471; 4039467; 1105513; 1112274; 1112275; 1104547; 1753096; 1753881; 1753884; 1753097; 1753885; 1756425; 1756426; 1756427; 1753886; 1753098; 1753099; 1753888; 1756428; 1753889; 1106840; 1084792; 1104554; 1105470; 1083662; 1077466; 1106384 
84	4039474; 1108299; 1107968; 1099978; 1107967; 1086559; 1108343; 1086557 
85	1614795; 1327499; 1327503; 1327516; 1327518; 1327508; 1327520; 1327502; 1327506; 1327517; 1327493; 1327505; 1327494; 1327519 
86	1327492; 1327496; 1327513; 1327510; 1327515; 1327500; 1327512; 1327495; 1327514; 1327498; 1327504; 1327497; 1327511; 1327507 
87	3390318; 3391081; 3390498; 1144828; 939115; 1144870 
88	3390370; 3391092; 1145007; 1066762; 1144850; 1066763; 1144860; 1144853 
89	3391035; 937332; 937354; 939222; 937345; 939198; 937321; 1144868; 937346; 937353 
90	939075; 938986; 938839; 939027; 938869; 938974; 939413; 939223; 937320; 939404; 1144994; 938981; 1144986; 1144891; 938797 
91	городской округ Иваново (1586279, 1586361); 389791; 389794; 389792; 389801; 389816; Ивановский муниципальный район (1614427, 1614425, 1608971, 1608969, 1614426, 1590370); 389815; 389814; 389812; 389802; 389803; 389800; 389799; 389805; 389813; 389806; 389804 
92	городской округ Иваново (1586360, 1586348); 389793; 389795; 389808; 389796; Ивановский муниципальный район (1609106, 1609094, 1614428, 1609093, 1609105); 389797; 389809; 389807; 389810; 389798 
93	город Иркутск (5827642, 5827722); 1465834; 1469710; 1460653; 1456789; 1456220; 1460711; Иркутский район (5720460, 5720461, 5720463, 5720465, 5720468, 5720469, 5720478); 1454640; 1456241; 1460823; 1456395; 1456786; 1104970; 1459563; 1456788 
94	город Иркутск (5826259); 1465764; 1469714; 1465802; 1458140; 1456787; Иркутский район (5720462, 5720464, 5720466, 5720467, 5720470, 5720471, 5720472, 5720474, 5720475, 5720476, 5720477, 5720479, 5720480); 1460641 
95	город Иркутск (5827226); 1469713; 1469709; 190136; Иркутский район (5720473); 190110; 190098; 190128; 1463469; 1458139; 1459516 
96	1469711; 1469712; 1443759; 1464422; 189679; 1454435; 1445620; 1464421; 190095; 1454692; 190097 
97	городской округ "Город Калининград" (331412); Гурьевский городской округ (1943669, 1943659, 1943658, 1943663, 1943657, 1943665, 1943664); 1179722; 1179566; 1179725; 1179727; 1179626; 1179598; 1179728; 1179711; 1179589; 1179633; 1179723 
98	городской округ "Город Калининград" (331413, 331411); 1179641; Гурьевский городской округ (1943666); 1736274; 1179724; 1179705; 1179580; 1179611; 1179704; 1179573; 1179608 
99	5864367; 5864790; 1235819; 405900; 317557; 305093; 1235818; 1235817; 405899; 304244; 307513; 1235820; 307512 
100	5863379 ; 1192998; 444017; 1102714; 1102713; 405901; 1102712; 1235816; 444018; 444016; 1102716; 402282; 1102711; 405898; 1102715 
101	Кемеровский городской округ (1174749, 1174748, 1172839); 1150979; 1151171; 1151172; 1144682; 1145962; Кемеровский муниципальный район (3813251, 3813172); 1146107; 1146372; 1146148; 1146331; 1145522; 1151007 
102	Кемеровский городской округ (1174181); Кемеровский муниципальный район (3814650, 3749869); 1151241; 1150993; 1151561; 1151562; Новокузнецкий муниципальный район (5290746, 5287791, 5290755); 1151638; 1149106 
103	Кемеровский городской округ (1174182); 1150989; 1151390; 1151391; 1151634; 1149117; 1149118; Кемеровский муниципальный район (3749804, 3750786, 3750183, 3749775, 3748357); 1149124; 1144998; 1147328; 1144740 
104	1151180; 1151631; 1153293; Новокузнецкий муниципальный район (1747547, 5293339, 5287854); 1148323 
105	город Киров (2361093, 2383149); 1257471; 1257459; 1957690; 382781; 382780; 382779; 382775; 383513; 382787; 382772; 382777; 382778; 382782; 382774; 382789; 382788; 382773; 382786; 382783; 383514; 382785; 382784 
106	город Киров (2361092, 2377030); 1257470; 939894; 383509; 383516; 383510; 383525; 383505; 383521; 383511; 383512; 383522; 383524; 383520; 383519; 383508; 383506; 383518; 383517; 383504; 383515; 383523; 383507 
107	85963
108	140290
109	город Курск (2307160); 1431997; 1645646; 1645648; 1645642; 1645643; 1646089; 1645644; Курский район (1799163, 2249061, 1763584, 1798528, 1799220, 2249063, 1800037, 1799171, 1800146); 1645647; 1645649; 1646078; 1646094; 1646091; 1645652 
110	город Курск (2307158, 2307159); 1646087; 1645639; 1645640; 1645641; 1646082; 1646084; 1645645; Курский район (2249060, 1798514, 2249062, 1800035, 1799262, 2249064, 1800036, 2249065); 1646079; 1646083; 1646088; 1646086; 1645650; 1646092; 1646081; 1645651; 1646077; 1646085; 1646080 
111	1162549; 1162550; 1116466; 1117608 
112	390099; 1145712; Гатчинский муниципальный район (1649309, 1649215, 1649314, 1430460, 1649315, 1649317, 1649248, 1649318, 1645104); 393909; 391133; 1130439; 393977 
113	1127515; 1128773; Гатчинский муниципальный район (1649246, 1649247, 1649316, 1298991, 1650244, 1649216, 1649249, 1649250); 1127562; 1124135; 1118829; 1118633; 1128809 
114	город Липецк (4734884, 4734876); 3515980; 1114805; 1113771; 1116513; 1114903; 1114884; 1114801; Липецкий район (4859962, 5248534, 5322954, 5322955, 5322957, 5326523, 5326524, 5326525, 5330916, 5330917, 5326527); 1116715; 1114800 
115	город Липецк (4734875, 4734897); 1113569; 1113196; 1113581; 1116708; 1114910; 1116714; Липецкий район (5330915, 5248533, 5248535, 5322953, 5322956, 5326522, 5326526, 5330918, 5330919, 5326528); 1113578; 1113768; 1114911 
116	151228
117	184108; 173406; 184106 
118	1703082; 184745; 1703091; 1703094; 173763; Солнечногорский муниципальный район (1383207); 171929 
119	181357; 1026233; 184684; 184665; 181356; 184667; 1026234 
120	1028612; 178921; 184072; 184071; 181345; 184073; Солнечногорский муниципальный район (1383131, 1382707, 1383198, 1383133, 1383209, 1383130, 1383140, 1382712, 1382701, 1383129); 184074 
121	1703085; 1703086; 189473; 1028434; 184002; 180621 
122	1644065; 1703087; 181355; 184751; 184075; 184744; 181346; 178922 
123	1462342; 1703083; 1703096; 1703097; 179640; 179639; 180416 
124	184001; 1703092; 181189; 181290 
125	1703090; 179507; 179494; 171922 
126	184664; 184666; 1703081; 184618; 184621; 184619; 186463; 181165 
127	1703084; 1703088; 184746; 974560; 186462; 179629; 179588 
128	2099216
129	1203429; 1203475; 1166765; 1161651; 1161650; 1102503; 1171346; 1161654; 1166766; 1086960; 1102502; 1161653; 1161652; 1165778; 1161649 
130	2006089; 1203476; 1163625; 1170923; 2031968; 1130661; 1975213; 1975214; 1161655; 1086961; 1111195; 1171345; 1161648; 1168240; 1171137 
131	2006088; 1111192; 1111193; 1111194; 1110098; 1849140; 1975210; 1975211; 1975212; 1975215; 1975216; 1110099; 1111196; 1102442; 1102445 
132	2006102; 2006066; 335494; 335496; 1086956 
133	2006052; 1159289; 1086962; 1165477; 1086958; 1158162; 1159499; 1157417; 1164885; 1086959; 1159363; 1165446; 1159598; 1157728; 1159549; 1164831 
134	89331
135	365341; 365385; 364762; 1701916; 1070660; 1074005; 1070667; 1070664; 1701934; 1701961; 1701935; 1701962; 1701965; 1070666; 1070663; 1074012; 1070661; 1070665; 1070662 
136	364776; 364764; 364763; 960830; 1701956; 960829; 1074007; 1701958; 1701959; 1701960; 1701957; 1701963; 1701964; 960831; 960083 
137	366541; 366519; 1307315; 3396079; 939766; 960828; 939765; 960084; 939688; 1701917; 1701919; 1701915; 1701920; 960082; 960081 
138	365403; 365401; 1074004; 1074009; 1074008; 1074006; 1074011; 939767; 1701918; 1701921; 1701922; 1074010 
139	3902909; 3902910; 1314136; 1314108; 1314129; 1314114; Омский муниципальный район (5891491, 5891492, 5891382, 5891503, 5891504, 5891506); 1314132; 1314130; 1314118 
140	3902444; 3902780; 1314122; 1314112; 1314105; 1314125; Омский муниципальный район (5891609, 5891122, 5891494, 5891610, 5891245, 5891246, 5891497, 5891219, 5891611, 5891220, 5891612); 1314110; 1314131; 1314121 
141	3899423; 1314117; 1314113; 1314133; 1314124; 1314120; 1314106; 1314111; 1314109; 1314134; 1314107; 1314127; Омский муниципальный район (5891352, 5891353, 5891354, 5891355, 5891500, 5891505, 5891383); 1314119; 1314126; 1314115; 1314116; 1314128; 1314123 
142	городской округ город Оренбург (5889576, 5889439); 1395132; 1396088; 1395131; 1395127; 1396087; 1396090; 1395130; 1396089; 1395128; 1395190 
143	городской округ город Оренбург (5889575, 5889481); 2005276; 1540277; 1396083; 1395227; 1396082; 1396081; 1396080; 1395228; 1395226; 1396084; 1395133; 1396085; 1396086; 1395134; 1395097; 1395129 
144	1395090; 1927915; 1398584; 1398505; 1395096; 1396092; 2573629; 1395099; 1395088; 1395091; 1395087; 1395092; 1396091; 1395095; 1395094 
145	72224
146	город Пенза (5892277, 5892276); 1846780; 969647; 969735; 968979; 969679; 969729; 960672; 968981; 969739; 969618; 968914; 968967; 969661; 969712 
147	город Пенза (5887852, 5887751); 1846778; 961242; 968959; 961255; 960628; 961234; 961236; 960657; 961250; 960633; 961213; 961209; 961246; 961214; 968954 
148	155262
149	город Ростов-на-Дону (2228364, 2228370); Аксайский район (1947781, 1947783, 1947784, 1947786); 1060675; 1060757; 1553914; 1552931; 973238; 1000503; 1554967; 1554872 
150	город Ростов-на-Дону (2227607, 2227685, 2227024); 944524; 407876; 399255; Мясниковский район (2255829, 2255830) 
151	город Ростов-на-Дону (2228342); 960764; 970737; 968430; Мясниковский район (2253779, 2253843, 2254785, 2254513, 2255305); 962081 
152	город Ростов-на-Дону (2228519, 2228520); 1281563; Аксайский район (1116963, 1947780, 1947782, 1947785, 1947787, 1947788, 1947789) 
153	1515377; 1517393; 1060701; 1060737; 1060754; 1521746; 1550748; 1528452; 1607220; 1607368; 1607332; 1526041; 1606277; 1549274; 1518808 
154	1515475; 1503701; 1491892; 1482450; 1517228; 1501938; 971964 
155	966497; 1559626; 1561754; 975782; 1588570; 1599759; 1590261; 1606910; 1589348; 1589840; 974538; 1590700; 1551292; 1600453 
156	город Рязань (5817684, 5817686); 3537901; 1046956; 1046959; 1046958; 1042919; 1029227; 1046955; 1066075; Рязанский район (1641673, 1635922, 1641682, 1635924, 1641676, 1641686, 1635925, 1641822, 1635921, 1636644, 1641674); 1047040; 1046957; 1066114; 1066073; 1047039; 1066112 
157	город Рязань (5817685, 5817683); 1059364; 1047072; 1059366; 1059470; 1059368; 1059365; 1059427; 1029226; 1047073; Рязанский район (1641678, 1641974, 1641680, 1641959, 1641961, 1641687, 1641683, 1641677, 1641825, 1641679); 1066074; 1059367; 1066113; 1047071 
158	городской округ Самара (283645, 283540, 283781, 284542, 283541); 1263373; 1244855; 1338382; 1338342; муниципальный район Волжский (5926308, 5926454, 5927308, 5926524, 5927387, 5927388, 5926523, 5887216); 1337717 
159	городской округ Тольятти (2448019, 2448021); муниципальный район Ставропольский (5946818, 5946716, 5946691, 5946860, 5946717, 5946861, 5946819, 5946078, 5946041, 5936743, 5936928, 5939968, 5940110, 5940170); 1340154 
160	городской округ Самара (285953, 285954); 1345142; муниципальный район Волжский (5926983, 5926984); 1340131; 1338392; 1337713; 1337712; 1338521; 1270388; 1332843; 1338531; муниципальный район Ставропольский (5946862, 5946351); 1338522; 1338520 
161	городской округ Тольятти (2448020); 1345138; 1345146; 1345143; 1345136; 1345137; 1253410; 1338341; 1245501; муниципальный район Ставропольский (5901446, 5901825, 5940509, 5944183, 5900329, 5940418, 5940412, 5932479); 1340153; 1252015 
162	городской округ Самара (285136, 284582); 1345144; 1345145; 1338384; 1337718; муниципальный район Волжский (5927389, 5927386, 5927390, 5927391, 5927279); 309111; 1338383 
163	3927440; 3892924; 3893063; 3149067; 1746016; 1746019; 1746035; 1746039; 5509740; 5509741; 5509634; 1746049 
164	3927439; 1746034; 1746091; 1746017; 1746020; 1746021; 1746023; 1746024; 1746026; 1746027; 1746031; 1746037; 1746038; 1746041; 5498383; 5498384; 1746090 
165	3893181; 1746014; 1746015; 1746018; 1746025; 1746028; 1746029; 1746032; 1746043; 1746044; 1746045; Саратовский муниципальный район (5509440, 5947282, 5945340, 5947369, 5947107, 5947015, 5947248); 1746088 
166	3893182; 1746013; 1746030; 1746033; 1746036; 1746040; 1746042; 1746048; 1746089; 1746092 
167	394235
168	город Екатеринбург (5803327, 5818948, 5817698); 1297899; 1297900 
169	город Екатеринбург (5817295); 1298866; 933808; 1298867; 1046967; 1298865; 1291599 
170	город Екатеринбург (5818883, 5819002); 1067601; 1059715; 1059796; 1074591 
171	1067582; 1305627; 1305626; 1328972; 1328971; 1328974; 1328973; 1305625; 1317756 
172	город Екатеринбург (5803648); 1643659; 1019865; 1291581; 1291582; 3360366; 1047028; 1288760; 1067529; 1014778; 1643660; 930932; 1014788; 1014789; 1110126; 1047000; 1014759; 1016575 
173	1240372; 1125463; 1297877; 1289033; 1240375; 1288740; 1305624; 1113021; 1110855; 1289032; 1288919; 1288920; 1297876 
174	1468147; 1074090; 1120596; 1359253; 1120630; 1375628; 1375632; 1124099; 1111949; 1112083; 1374176; 1375635; 1074051; 1124064; 1374013; 1289095; 1359256; 1110851; 1120607; 1110131; 1112110 
175	3339990; 3342303; 1694037; 1694038; 1694040; 1694041; 3341976; 1161438; 3343863; 1694049; 3336451; 3336405; 3339983; 3339984; 3336425; 3336470; 3339986; 3336421; 3336506; 3339988; 3336465; 3336391; 1161439; 1694051; 1694052; 1694054; 1694056 
176	3339991; 3339992; 1619448; 1694039; 1694043; 1242486; 1694044; 3344404; 3345860; 1694047; 1242485; 3339985; 3336527; 3339987; 3336536; 3339989; 3336532; 3336525; 1694053; 1694055 
177	город Тамбов (4821099, 4821101); 1777924; 1777925; 1782700; 1752950; 1753389; 1752951; 1752952; 1752610; 1777918; 1752953; Тамбовский район (5822849, 5824025, 5824159, 5822904, 5011785, 5822935, 5824919, 5824381, 5823889, 5823863, 5824363, 5824953, 5822862, 5824026, 5823967, 5824268, 5824220, 5824891, 4874405, 5824531, 5824921) 
178	город Тамбов (4821100); 1777923; 1777926; 1777928; 1777908; 1777909; 1777910; 1777911; 1777912; 1777913; 1752609; 1777914; 1753390; 1777915; 1777916; 1777917; Тамбовский район (5824773, 5824816, 5824890, 5824920, 5824892); 1777920; 1777921; 1777922 
179	город Тверь (1784072, 1784081, 1784077); 1836408; 569747; 569745; Калининский район (1061465, 1026850, 1013844, 1020879, 1021367, 3573150, 1004324, 1976071, 1026769, 1061476, 1061473); 570638; 570637; 570636; 570646; 570649; 569748; 554721; 555384; 569746; 570645; 569744; 569749; 546149 
180	город Тверь (1263279); 1282299; 1043288; 1480488; 1724015; 1466653; 570641; 1431724; 383694; 546155; 910734; 910735; 918729; Калининский район (935153, 3382038, 1020858, 1019364, 1020019, 1015021, 1019321); 555382; 570644; 930887; 930884; 570639; 570640; 930872; 921392; 555383; 921388; 570643; 570642; 546156 
181	269721; 2688921; 1591240; 274203; 274192; 274193; 270287; 274189; Томский район (5881003, 5881004, 5881005) 
182	3224247; 2688922; 2168100; 1891607; 333020; 1311340; 333018; 1311352; 1311339; 1311345; 1311343; 1314035; Томский район (5877263, 5877264, 3440375, 3725728, 3860297, 3852224, 5880586, 5877559, 5877462, 5877560, 5880738, 5883755, 5880665, 5877674, 5877265, 5881006); 1311342; 1311351 
183	город Тула (5663235, 5663270, 5663284); 1748975; 1748976; 1748968; 1748969; 1748970; 1748972; 1748974; 1748978; 1748980; 1748981; 1748985; 1748986; 1748987; 1748988; 1453190; 1524022 
184	город Тула (5663147, 5663250); 1077203; 1748973; 1748983; 1741297; 1748971; 1748977; 1748979; 1748990; 1748991 
185	городской округ Тюмень (897991, 897988); 1711405; 1711441; 1690636; 1690646; 1711398; 1690638; 1690639; 1660245; 1690642; 1665573; 1711399; 1690649; 1660243 
186	городской округ Тюмень (897990, 897989); 1711469; 1711462; 1686348; 1690637; 1690647; 1647392; 1690640; 1690648; 1690641; 1660242; 1647391; 1672820 
187	город Ульяновск (3155928, 3115289); 2621608; 1760235; 1760237; 1760241; 1760243; 1760245; 1760248 
188	город Ульяновск (3155858, 3155958); 1760250; 1760228; 1760229; 1760230; 1760231; 1760232; 1760233; 1760234; 1760236; 1760238; 1760239; 1760240; 1760242; 1760244; 1760246; 1760247 
189	город Челябинск (1579611, 1579610, 1579833); 398424; 398425; 398405; 398423; 398421; 398414 
190	город Челябинск (1581688, 1581743); 398388; 398402; 1517659; 1793195; 398398; 398394; 398395; 398387 
191	город Челябинск (1581744, 1581689); 398390; 398412; 398415; 398413; 398389; 398386; 398411 
192	1517631; 398397; 398396; 398401; 398393; 398422; 1483866; 398399; 398392; 398420 
193	398410; 398400; 398406; 1517669; 398416; 398409; 398408; 398417; 398418; 398391; 398419 
194	городской округ город Ярославль (3352045, 3351787, 3352060, 3351788); 1277971; 1188369; 1203372; 1375570; 1549144; Рыбинский муниципальный район (1432247, 1432251, 1432244, 1432237, 1432246); 1549157; Ярославский муниципальный район (3348696, 3349396, 3382563, 2816186) 
195	городской округ город Ярославль (3351953, 3351824); 912501; 1431914; 1553748; 944598; 1561591; 1203359; 1562650; 1561779; 942456; 912503; Рыбинский муниципальный район (1432243, 1432240,3351437, 1432235, 1432257, 1432241); 959859; Ярославский муниципальный район (2816176, 3349429, 2816268, 3349430) 
196	1319060; 364551; 1250526; 1252465; 1252424; 1252448; 1250724; 1252407; 1250619; 446272; 1250618; 446271 
197	446114; 240229; 226927; 1257472; 1292679; 446115; 446112; 446111 
198	446079; 445298; 446082; 445285; 445278; 445275; 445277; 445281; 445280; 445276; 445299 
199	548619; 455208; 444812; 455203; 455222 
200	446083; 446085; 446084; 445282; 446086; 445284; 446087 
201	455451; 1278096; 1292211; 1281209; 444908; 455528; 535655; 455460; 535662; 535680 
202	181288; 446117; 1292749; 446116; 1292731; 2263058; 2263059 
203	950639; 950658; 531287; 531264; 455539; 456807; 950641 
204	574667; 1255576; 1298976; 1255602; 1299013; 1278046; 1255577; 1255563; 455184 
205	1255704; 1319142; 1319263; 1319245; 1319078; 1255775; 1299106; 1255680; 1299031 
206	442733; 446081; 434560; 428431; 431464; 446080 
207	1320358; 446078; 445297; 445273; 445283; 445274; 442741; 445279 
208	2162196; 1278064 
209	1281220; 1281648; 1292286; 952191; 1281702; 1292499; 951336; 1281263 
210	1257455; 1257403; 951334; 951305; 950664 
211	368287; Центральный район (1198056, 1198054) 
212	Кировский район (1184645, 1184644); 363103; 367375 
213	1114354; Калининский район (1181047, 1181900, 1181903) 
214	Калининский район (1181905, 1181902, 1181901, 1181904); 1114895 
215	1115082; 1115366; 1115367 
216	1114193; 1114252; 1114905; Центральный район (1198059, 1198057, 1198055, 1198058) 
217	337424; 369514 
218	Кировский район (1184646, 1181946, 1185366, 1185365, 1185367); 338636; 338635 
219	3788485
220	147167
221	274048
222	1761437; 1442360; 1761429; 1761431; 1761433; 1761436; 1761438; 1128593; 1442694; 1442693; 1129847; 1761426; 1442695; Сургутский район (1925381, 1923609, 1926757, 1927886, 1928104, 1938886, 1906364, 1926840, 1938941, 1938903, 1922129, 1824578); 1761427 
223	1761439; 1761428; 1761430; 1761432; 1761434; 1761435; 1442570; Сургутский район (1926707) 
224	151231
225	191706
